                                                                                                                                                                                            111£¬ts=30
"pts0": [[1,1],[1,1],[1,1],[1,1],[2,1],[2,1],[2,1],[2,2],[2,1],[2,2],[2,1],[2,2],[2,2],[2,1],[2,1],[2,2],[3,2],[4,2],[5,2],[6,2],[7,2],[8,2],[9,2],[10,2],[11,2],[12,2],[13,2],[14,2],[15,2],[15,3],[15,4],[15,5],[15,6],[15,7],[15,8],[15,7],[15,6],[15,5],[15,4],[15,3],[15,2],[15,3],[15,4],[15,5],[15,6],[15,7],[15,8],[15,9],[15,10],[15,11],[15,12],[15,13],[15,14],[15,15],[15,16],[15,17],[15,18],[15,19],[15,20],[15,21],[15,22],[15,23],[15,24],[15,25],[15,26],[15,27],[15,28],[16,28],[17,28],[17,29],[18,29],[19,29],[20,29],[21,29],[22,29],[23,29],[24,29],[25,29],[26,29],[27,29],[28,29],[29,29]],
"pts1": [[29,29],[28,29],[27,29],[26,29],[26,28],[25,28],[24,28],[23,28],[22,28],[21,28],[20,28],[19,28],[18,28],[17,28],[16,28],[15,28],[15,27],[15,26],[15,25],[15,24],[15,23],[15,22],[15,21],[15,20],[15,19],[15,18],[15,17],[15,16],[15,15],[15,14],[15,13],[15,12],[15,11],[15,10],[15,9],[15,8],[15,7],[15,6],[15,5],[15,4],[15,3],[14,3],[13,3],[13,2],[13,1],[12,1],[11,1],[10,1],[9,1],[8,1],[7,1],[6,1],[5,1],[4,1],[3,1],[2,1],[1,1]],
"pts2": [[12,28],[13,28],[14,28],[15,28],[15,27],[15,26],[15,25],[15,24],[15,23],[15,22],[15,21],[15,20],[15,19],[15,18],[15,17],[15,16],[15,15],[15,14],[15,13],[15,12],[15,11],[15,10],[15,9],[15,8],[15,7],[15,6],[15,5],[15,4],[15,3],[14,3],[14,2],[13,2],[12,2],[11,2],[10,2],[9,2],[8,2],[7,2],[6,2],[5,2],[4,2],[3,2],[2,2]]


"pts0": [[1,1],[2,1],[1,1],[2,1],[2,2],[2,2],[3,2],[4,2],[4,2],[3,2],[3,2],[3,2],[3,3],[3,3],[3,3],[3,3],[3,2],[3,2],[3,1],[3,2],[3,3],[4,3],[5,3],[6,3],[7,3],[8,3],[9,3],[10,3],[11,3],[12,3],[13,3],[14,3],[14,3],[15,3],[15,4],[15,5],[15,6],[15,5],[15,4],[15,3],[16,3],[15,3],[15,4],[15,5],[15,6],[15,7],[15,8],[15,9],[15,10],[15,11],[15,12],[15,13],[15,14],[15,15],[15,16],[15,17],[15,18],[15,19],[15,20],[15,21],[15,22],[15,23],[15,24],[15,25],[15,26],[15,27],[15,28],[16,28],[16,29],[17,29],[18,29],[19,29],[20,29],[21,29],[22,29],[23,29],[24,29],[25,29],[26,29],[27,29],[28,29],[29,29]],
"pts1": [[29,29],[28,29],[28,28],[27,28],[26,28],[25,28],[24,28],[23,28],[22,28],[21,28],[20,28],[19,28],[18,28],[17,28],[16,28],[15,28],[15,27],[15,26],[15,25],[15,24],[15,23],[15,22],[15,21],[15,20],[15,19],[15,18],[15,17],[15,16],[15,15],[15,14],[15,13],[15,12],[15,11],[15,10],[15,9],[15,8],[15,7],[15,6],[15,5],[15,4],[15,3],[15,2],[14,2],[14,1],[13,1],[12,1],[11,1],[10,1],[9,1],[8,1],[7,1],[6,1],[5,1],[4,1],[3,1],[2,1],[1,1]],
"pts2": [[12,28],[13,28],[14,28],[15,28],[15,27],[15,26],[15,25],[15,24],[15,23],[15,22],[15,21],[15,20],[15,19],[15,18],[15,17],[15,16],[15,15],[15,14],[15,13],[15,12],[15,11],[15,10],[15,9],[15,8],[15,7],[15,6],[15,5],[15,4],[15,4],[15,4],[15,4],[15,4],[15,3],[15,2],[14,2],[13,2],[12,2],[11,2],[10,2],[9,2],[8,2],[7,2],[6,2],[5,2],[4,2],[3,2],[2,2]]



"pts0": [[1,1],[1,2],[1,3],[1,3],[1,3],[2,3],[2,3],[2,3],[2,3],[2,3],[2,4],[2,4],[2,4],[2,4],[3,4],[3,4],[3,4],[3,4],[3,3],[3,4],[3,3],[4,3],[4,3],[4,3],[3,3],[3,3],[3,2],[4,2],[5,2],[6,2],[7,2],[8,2],[9,2],[10,2],[11,2],[12,2],[13,2],[14,2],[15,2],[16,2],[16,3],[16,3],[15,3],[15,4],[15,5],[15,6],[15,7],[15,8],[15,9],[15,10],[15,11],[15,12],[15,13],[15,14],[15,15],[15,16],[15,17],[15,18],[15,19],[15,20],[15,21],[15,22],[15,23],[15,24],[15,25],[15,26],[15,27],[15,28],[16,28],[17,28],[18,28],[19,28],[19,29],[20,29],[21,29],[22,29],[23,29],[24,29],[25,29],[26,29],[27,29],[28,29],[29,29]],
"pts1": [[29,29],[29,28],[28,28],[27,28],[26,28],[25,28],[24,28],[23,28],[22,28],[21,28],[20,28],[19,28],[18,28],[17,28],[16,28],[15,28],[15,27],[15,26],[15,25],[15,24],[15,23],[15,22],[15,21],[15,20],[15,19],[15,18],[15,17],[15,16],[15,15],[15,14],[15,13],[15,12],[15,11],[15,10],[15,9],[15,8],[15,7],[15,6],[15,5],[15,5],[15,4],[15,3],[15,2],[15,1],[14,1],[13,1],[12,1],[11,1],[10,1],[9,1],[8,1],[7,1],[6,1],[5,1],[4,1],[3,1],[2,1],[1,1]],
"pts2": [[12,28],[13,28],[14,28],[15,28],[15,27],[15,26],[15,25],[15,24],[15,23],[15,22],[15,21],[15,20],[15,19],[15,18],[15,17],[15,16],[15,15],[15,14],[15,13],[15,12],[15,11],[15,10],[15,9],[15,8],[15,7],[15,6],[15,5],[15,4],[15,4],[15,4],[15,4],[15,4],[15,4],[15,4],[15,4],[15,4],[15,4],[15,4],[15,4],[15,4],[15,3],[14,3],[13,3],[12,3],[11,3],[11,2],[10,2],[9,2],[8,2],[7,2],[6,2],[5,2],[4,2],[3,2],[2,2]]



"pts0": [[1,1],[1,1],[2,1],[3,1],[3,2],[3,2],[3,2],[3,3],[3,3],[3,2],[3,2],[3,2],[3,2],[3,2],[3,2],[3,2],[3,2],[4,2],[5,2],[6,2],[7,2],[8,2],[9,2],[10,2],[11,2],[12,2],[13,2],[14,2],[15,2],[15,3],[15,4],[15,5],[15,6],[15,7],[15,8],[15,7],[15,6],[15,5],[15,4],[15,3],[16,3],[15,3],[15,4],[15,5],[15,6],[15,7],[15,8],[15,9],[15,10],[15,11],[15,12],[15,13],[15,14],[15,15],[15,16],[15,17],[15,18],[15,19],[15,20],[15,21],[15,22],[15,23],[15,24],[15,25],[15,26],[15,27],[15,28],[16,28],[16,29],[17,29],[18,29],[19,29],[20,29],[21,29],[22,29],[23,29],[24,29],[25,29],[26,29],[27,29],[28,29],[29,29]],
"pts1": [[29,29],[28,29],[27,29],[26,29],[26,28],[25,28],[24,28],[23,28],[22,28],[21,28],[20,28],[19,28],[18,28],[17,28],[16,28],[15,28],[15,27],[15,26],[15,25],[15,24],[15,23],[15,22],[15,21],[15,20],[15,19],[15,18],[15,17],[15,16],[15,15],[15,14],[15,13],[15,12],[15,11],[15,10],[15,9],[15,8],[15,7],[15,6],[15,5],[15,4],[15,3],[14,3],[13,3],[13,2],[13,1],[12,1],[11,1],[10,1],[9,1],[8,1],[7,1],[6,1],[5,1],[4,1],[3,1],[2,1],[1,1]],
"pts2": [[12,28],[13,28],[14,28],[15,28],[15,27],[15,26],[15,25],[15,24],[15,23],[15,22],[15,21],[15,20],[15,19],[15,18],[15,17],[15,16],[15,15],[15,14],[15,13],[15,12],[15,11],[15,10],[15,9],[15,8],[15,7],[15,6],[15,5],[15,4],[15,3],[14,3],[14,2],[13,2],[12,2],[11,2],[10,2],[9,2],[8,2],[7,2],[6,2],[5,2],[4,2],[3,2],[2,2]]



"pts0": [[1,1],[1,1],[2,1],[2,1],[3,1],[3,1],[3,1],[3,2],[2,2],[2,2],[2,1],[2,2],[2,2],[2,2],[2,1],[3,1],[4,1],[5,1],[5,2],[6,2],[7,2],[8,2],[9,2],[10,2],[11,2],[12,2],[13,2],[14,2],[15,2],[15,3],[15,4],[15,5],[15,6],[15,7],[15,8],[15,7],[15,6],[15,5],[15,4],[15,3],[15,2],[15,3],[15,4],[15,5],[15,6],[15,7],[15,8],[15,9],[15,10],[15,11],[15,12],[15,13],[15,14],[15,15],[15,16],[15,17],[15,18],[15,19],[15,20],[15,21],[15,22],[15,23],[15,24],[15,25],[15,26],[15,27],[15,28],[15,29],[16,29],[17,29],[18,29],[19,29],[20,29],[21,29],[22,29],[23,29],[24,29],[25,29],[26,29],[27,29],[28,29],[29,29]],
"pts1": [[29,29],[28,29],[27,29],[26,29],[26,28],[25,28],[24,28],[23,28],[22,28],[21,28],[20,28],[19,28],[18,28],[17,28],[16,28],[15,28],[15,27],[15,26],[15,25],[15,24],[15,23],[15,22],[15,21],[15,20],[15,19],[15,18],[15,17],[15,16],[15,15],[15,14],[15,13],[15,12],[15,11],[15,10],[15,9],[15,8],[15,7],[15,6],[15,5],[15,4],[15,3],[14,3],[13,3],[13,2],[13,1],[12,1],[11,1],[10,1],[9,1],[8,1],[7,1],[6,1],[5,1],[4,1],[3,1],[2,1],[1,1]],
"pts2": [[12,28],[13,28],[14,28],[15,28],[15,27],[15,26],[15,25],[15,24],[15,23],[15,22],[15,21],[15,20],[15,19],[15,18],[15,17],[15,16],[15,15],[15,14],[15,13],[15,12],[15,11],[15,10],[15,9],[15,8],[15,7],[15,6],[15,5],[15,4],[15,3],[14,3],[14,2],[13,2],[12,2],[11,2],[10,2],[9,2],[8,2],[7,2],[6,2],[5,2],[4,2],[3,2],[2,2]],